6,0,1,1,6,6
6,0,0,0,5,0
0,0,0,7,7,6
6,0,1,9,9,8
6,0,1,2,3,8
6,0,0,0,1,9
6,0,1,6,8,8
6,0,1,8,1,8
6,0,1,2,2,9
6,0,1,8,0,0
0,0,2,5,9,4
6,0,1,3,3,6
6,0,0,0,4,8
6,0,1,6,0,1
6,0,0,0,1,8
6,0,0,0,1,6
0,0,0,0,0,1
6,0,1,1,6,9
6,0,0,8,3,7
6,0,1,8,5,7
6,0,1,3,2,8
6,0,0,0,0,0
0,0,2,4,1,5
6,0,0,0,3,6
6,0,1,2,8,8
0,0,0,7,2,5
6,0,1,9,3,9
0,0,0,8,5,8
0,0,2,3,0,4
6,0,0,5,1,9
0,0,0,0,0,2
6,0,0,1,0,4
6,0,1,7,6,6
6,0,0,9,0,0
6,0,1,0,8,8
6,0,1,3,9,8
6,0,1,2,1,1
6,0,0,8,8,7
6,0,0,2,7,6
6,0,0,0,2,8
6,0,1,6,6,8
0,0,2,0,2,7
6,0,1,6,2,8
6,0,1,1,8,6
6,0,1,3,1,8
